{
 "cells": [
  {
   "cell_type": "code",
   "execution_count": 1,
   "metadata": {},
   "outputs": [
    {
     "name": "stderr",
     "output_type": "stream",
     "text": [
      "\u001b[32m\u001b[1m  Activating\u001b[22m\u001b[39m environment at `~/Desktop/TamaITensor/TDVP/TDVP1_Fishman/Project.toml`\n",
      "┌ Info: Precompiling ITensorTDVP [25707e16-a4db-4a07-99d9-4d67b7af0342]\n",
      "└ @ Base loading.jl:1342\n"
     ]
    }
   ],
   "source": [
    "using Pkg\n",
    "Pkg.activate(\".\")\n",
    "using ITensors\n",
    "using ITensorTDVP\n",
    "using Observers\n",
    "using DelimitedFiles"
   ]
  },
  {
   "cell_type": "markdown",
   "metadata": {},
   "source": [
    "# Load system and chain parameters"
   ]
  },
  {
   "cell_type": "code",
   "execution_count": 2,
   "metadata": {},
   "outputs": [],
   "source": [
    "#Chain parameters from file\n",
    "coups = readdlm(\"../Chain_mappings/WSCP_MC_T0_coups.dat\");\n",
    "freqs = readdlm(\"../Chain_mappings/WSCP_MC_T0_freqs.dat\");\n",
    "#system energy gap\n",
    "eps = 138.;"
   ]
  },
  {
   "cell_type": "code",
   "execution_count": 3,
   "metadata": {},
   "outputs": [],
   "source": [
    "sys = siteinds(\"S=1/2\",1);\n",
    "NChain = 86;\n",
    "env = siteinds(\"Boson\", dim=6, NChain);\n",
    "NN = NChain + 1;\n",
    "sysenv = vcat(sys,env);"
   ]
  },
  {
   "cell_type": "code",
   "execution_count": 4,
   "metadata": {},
   "outputs": [],
   "source": [
    "stateSys = [\"Up\"];\n",
    "stateEnv = [\"0\" for n=1:NChain];\n",
    "stateSE = vcat(stateSys,stateEnv);\n",
    "psi0 = productMPS(sysenv,stateSE);"
   ]
  },
  {
   "cell_type": "code",
   "execution_count": 5,
   "metadata": {},
   "outputs": [
    {
     "data": {
      "text/plain": [
       "1.0"
      ]
     },
     "execution_count": 5,
     "metadata": {},
     "output_type": "execute_result"
    }
   ],
   "source": [
    "wantedDim = 8\n",
    "psiExt = copy(psi0);\n",
    "for n in 1:NN-1\n",
    "   a = commonind(psiExt[n],psiExt[n+1])\n",
    "   tagsa = tags(a)\n",
    "   add_indx = Index(wantedDim, tags= tagsa)\n",
    "   psiExt[n]=psiExt[n]*delta(a,add_indx)\n",
    "   psiExt[n+1]=psiExt[n+1]*delta(a,add_indx)\n",
    "end\n",
    "dot(psi0,psiExt)"
   ]
  },
  {
   "cell_type": "code",
   "execution_count": 6,
   "metadata": {},
   "outputs": [],
   "source": [
    "psi0=copy(psiExt);"
   ]
  },
  {
   "cell_type": "code",
   "execution_count": 7,
   "metadata": {},
   "outputs": [],
   "source": [
    "#asymptotic frequency\n",
    "MC_N = 6;\n",
    "NP_Chain = NN - MC_N;\n",
    "OO = 500.;\n",
    "alphas_MC = readdlm(\"../MC_Pars/alphas_6.dat\")\n",
    "betas_MC = readdlm(\"../MC_Pars/betas_6.dat\")\n",
    "coups_MC = readdlm(\"../MC_Pars/coupls_6.dat\")\n",
    "gammas = OO * alphas_MC[:,1];\n",
    "eff_freq = [OO + 1im * g for g in gammas];\n",
    "eff_gs = OO * betas_MC[:,2];\n",
    "eff_coup = OO/2* (coups_MC[:,1]+ 1im *coups_MC[:,2]);\n",
    "\n",
    "#Definition of the TEDOPA+MC Hamiltonian (MPO form)\n",
    "#Lavoriamo qui\n",
    "ampo = OpSum()\n",
    "#system Hamiltonian\n",
    "ampo += eps,\"Sz\",1;\n",
    "#system-env interaction\n",
    "#!Sx = 0.5 σx\n",
    "ampo += 2*coups[1],\"Sx\",1,\"Adag\",2\n",
    "ampo += 2*coups[1],\"Sx\",1,\"A\",2\n",
    "\n",
    "#Primary chain local Hamiltonians\n",
    "for j=2:NP_Chain\n",
    "   ampo += freqs[j-1],\"N\",j\n",
    "end\n",
    "\n",
    "for j=2:NP_Chain-1\n",
    "   ampo += coups[j],\"A\",j,\"Adag\",j+1\n",
    "   ampo += coups[j],\"Adag\",j,\"A\",j+1\n",
    "end\n",
    "#################################\n",
    "\n",
    "#Markovian closure Hamiltonian\n",
    "for j=1:MC_N\n",
    "   ampo += eff_freq[j],\"N\",NP_Chain+j\n",
    "end\n",
    "\n",
    "for j=1:MC_N-1\n",
    "   ampo += eff_gs[j],\"A\",NP_Chain+j,\"Adag\",NP_Chain+j+1\n",
    "   ampo += eff_gs[j],\"Adag\",NP_Chain+j,\"A\",NP_Chain+j+1\n",
    "end\n",
    "\n",
    "#################################\n",
    "\n",
    "#Primary chain - MC interaction\n",
    "for j=1:MC_N\n",
    "   ampo += eff_coup[j],\"A\",NP_Chain,\"Adag\",NP_Chain+j\n",
    "   ampo += conj(eff_coup[j]),\"Adag\",NP_Chain,\"A\",NP_Chain+j\n",
    "end\n",
    "\n",
    "\n",
    "H = MPO(ampo,sysenv); \n",
    "\n",
    "#Set MPO bond dimensions\n",
    "[dim(linkind(H,j)) for j in 1:length(H)-1];"
   ]
  },
  {
   "cell_type": "code",
   "execution_count": 8,
   "metadata": {},
   "outputs": [
    {
     "data": {
      "text/plain": [
       "0.001"
      ]
     },
     "execution_count": 8,
     "metadata": {},
     "output_type": "execute_result"
    }
   ],
   "source": [
    "psi=deepcopy(psi0)\n",
    "timestep = 0.0001\n",
    "tmax = 0.001"
   ]
  },
  {
   "cell_type": "code",
   "execution_count": 9,
   "metadata": {},
   "outputs": [
    {
     "name": "stdout",
     "output_type": "stream",
     "text": [
      "Tempo exp avanti: 6.211611083\n",
      "phi0 = ITensor ord=2\n",
      "Dim 1: (dim=2|id=316|\"Link,u\")\n",
      "Dim 2: (dim=8|id=598|\"Link,l=1\")\n",
      "NDTensors.Dense{ComplexF64, Vector{ComplexF64}}\n",
      " 2×8\n",
      " 0.9999859067085977 - 0.0034499481577087965im                     0.0 + 0.0im                   -1.1513206283558038e-5 + 1.644170728360184e-7im                   0.0 + 0.0im                    5.4108571342151916e-11 - 1.4585686875228668e-12im                      0.0 + 0.0im                                       0.0 + 0.0im                    1.2655424130478817e-9 + 6.333212502268277e-8im\n",
      "                0.0 + 0.0im                    -2.6491271346379713e-5 - 0.004035239907087281im                     0.0 + 0.0im                   5.28315834575867e-10 + 2.6821647673697032e-8im                     0.0 + 0.0im                     -3.2059057703183567e-15 - 9.763206269706325e-14im  -1.5696535442575857e-5 + 1.7447411568161122e-7im                    0.0 + 0.0im\n",
      "Tempo exp avanti: 1.074505459\n",
      "phi0 = ITensor ord=2\n",
      "Dim 1: (dim=8|id=586|\"Link,u\")\n",
      "Dim 2: (dim=8|id=952|\"Link,l=2\")\n",
      "NDTensors.Dense{ComplexF64, Vector{ComplexF64}}\n",
      " 8×8\n",
      "     -0.9999999998767931 + 0.0im                      0.0 + 0.0im                      -1.741902341066132e-10 + 3.953046320606812e-12im                       0.0 + 0.0im                     -2.7398581451593757e-18 + 8.330799448040024e-20im                       0.0 + 0.0im                                        0.0 + 0.0im                      2.6539092920779428e-14 + 1.0178899296547747e-12im\n",
      "  -6.587068540943452e-30 + 0.0im   -1.5695936426023246e-5 - 2.166721760100648e-7im      3.597461943925082e-20 - 8.169280818848205e-22im   -1.5808983107046084e-15 + 1.7382774310073183e-17im   -4.015797761585974e-21 - 5.779251341593528e-23im    -1.492214409214585e-36 - 7.54694468228343e-36im    -7.208669952567246e-10 + 6.486284706976432e-8im     -1.768734393955833e-21 + 4.847106619183268e-21im\n",
      "  -9.156972381591542e-36 + 0.0im   -4.975171126953714e-16 - 6.8662649736706506e-18im  -1.2070087500416429e-24 - 1.3848024338480433e-24im    2.497757716502943e-18 + 1.8065854423157137e-22im  -2.9684073572511863e-22 - 1.0080124476726795e-22im  -1.1569249355098152e-37 - 1.620538253670502e-38im    1.337701114967512e-15 - 1.204005181473332e-13im    2.3602709284141344e-22 - 2.1632697620828206e-22im\n",
      " -1.7012453094759587e-25 + 0.0im     4.33605294746514e-30 - 2.85000901405568e-32im      9.761282963665462e-16 - 2.2149359493451454e-17im  -1.3451131751758597e-28 - 7.274525036264715e-32im   -1.0002241720779686e-18 + 1.8318586072949782e-20im   1.7366342923601417e-47 - 1.6497610984682544e-47im   1.602216885222949e-29 + 4.725331679943001e-28im    -5.964151263023436e-19 - 4.854350838247973e-18im\n",
      "  -8.215228049797916e-31 + 0.0im     4.97868470163166e-29 - 1.717895083194644e-29im   -2.0013667535641434e-20 - 1.3262641085426324e-20im   -5.847321672979234e-25 - 1.941446562387324e-24im    4.0047247761599247e-22 - 2.9032061387895117e-21im  -2.3065038819468373e-42 + 1.4957493991897523e-37im   4.189653284394925e-27 + 1.2036960817906169e-26im    2.236826629412442e-18 - 4.2388117088352606e-18im\n",
      "   4.375618519249197e-37 + 0.0im   -9.648604714856956e-26 - 3.154811011232567e-25im    5.9794302833356204e-27 + 4.376394781108714e-27im   -1.1773474775854842e-18 - 3.668896655761307e-18im     -8.86577231322207e-25 - 1.0936040914849034e-26im  -1.3687068969555448e-34 + 4.2778825024827495e-34im   7.637168486067453e-23 - 2.3581118677725177e-23im   -7.342057060794317e-25 + 1.4552682009498206e-24im\n",
      "  -8.580333711812189e-34 + 0.0im  -4.8946949544043186e-32 + 1.670227925515523e-32im    4.9174535641194374e-24 - 9.548449172251155e-26im   -3.7058901363570007e-28 - 1.0419911191846447e-27im    4.805953883466099e-21 - 8.523074106512473e-23im    -7.204306656917781e-35 - 1.4274612534139188e-34im  -4.073723699557064e-30 - 1.1833947781365377e-29im  -2.7828195777136077e-24 - 9.789866721134633e-25im\n",
      "  -5.934566789385731e-61 + 0.0im   2.6333962354920487e-58 - 1.2856600792515185e-56im   3.4372931557050196e-51 - 1.2892691608996526e-52im    -3.08703576371054e-51 - 9.764633650935837e-51im    3.3242059223683487e-48 - 7.086390945154972e-50im     4.496972798550595e-35 + 8.930319386177282e-35im    3.111628496557562e-54 + 5.52865947389504e-56im       8.85672477314427e-51 + 5.472044514186031e-51im\n",
      "Tempo exp avanti: 0.003554916\n",
      "phi0 = ITensor ord=2\n",
      "Dim 1: (dim=8|id=143|\"Link,u\")\n",
      "Dim 2: (dim=8|id=923|\"Link,l=3\")\n",
      "NDTensors.Dense{ComplexF64, Vector{ComplexF64}}\n",
      " 8×8\n",
      " 0.9999999999999977 + 0.0im                      0.0 + 0.0im                                        0.0 + 0.0im                                         0.0 + 0.0im                                         0.0 + 0.0im                                        0.0 + 0.0im                                         0.0 + 0.0im                                        0.0 + 0.0im\n",
      "                0.0 + 0.0im   -3.4500535699385774e-8 + 5.493041552215711e-8im     -9.54181530312837e-17 + 2.4884006198696724e-17im   1.8673127938856056e-18 + 1.0878248155219415e-18im  -1.2624873639529372e-22 - 1.4867203877504622e-23im  2.1920025536296515e-26 - 2.117103412995576e-26im    1.7866338713986846e-10 + 1.1178864683591722e-10im    4.03782649722954e-19 + 1.7188750144956244e-18im\n",
      "                0.0 + 0.0im  -2.2102459219982854e-16 - 2.1467257457960076e-16im  3.1495468297195694e-18 - 1.4515116539801424e-18im    2.980333434609557e-20 + 1.2737933046176064e-20im    8.066379447569631e-24 + 1.0966946396371682e-23im  -1.503438793056304e-26 + 7.159249753758364e-27im     6.595586182999501e-14 - 6.814028975490599e-14im   1.8920392969903379e-19 + 2.9324438261022024e-18im\n",
      "                0.0 + 0.0im  -3.7479135829612265e-23 - 9.395561714960658e-23im   -8.592150051143768e-16 + 2.5126809087138212e-17im   -5.079241303473446e-19 - 2.5069075205358186e-19im    8.431578689969358e-25 - 6.5620488610276386e-24im  1.0554269004732585e-26 - 3.63355483992808e-26im     2.8613456626117734e-20 - 1.1869206205817433e-20im   6.389805808551594e-19 + 1.5851075968120374e-17im\n",
      "                0.0 + 0.0im    4.021308433505377e-25 + 2.755068625327911e-25im    8.530930972247175e-20 - 2.0067226067983517e-20im   -5.121882709610745e-20 - 5.66249186530907e-20im      8.548619608989873e-24 + 1.3540294446180715e-24im  2.1761530453827093e-27 + 1.3312972811575364e-27im   -8.458339244550934e-23 + 1.239159399569488e-22im   1.1392657720846488e-18 + 4.607579262083307e-18im\n",
      "                0.0 + 0.0im  -3.3405265485731635e-28 - 4.967235137745632e-28im    6.383159952212735e-23 + 7.968040831589744e-23im   -1.2378958024758437e-19 - 1.9544188856550997e-19im    2.405398736322602e-23 - 2.7128484834983063e-24im  2.3703611186133964e-26 + 7.891765049956628e-27im     1.539286464293346e-25 - 1.0096572617791902e-25im  -2.651193595888713e-22 - 3.713239079504721e-21im\n",
      "                0.0 + 0.0im  -1.1534175613354624e-35 + 4.682051110788012e-36im      1.6423157258247e-30 - 4.332637242229768e-31im    -2.656821909556772e-27 - 1.5580129567777263e-27im   -2.449215651065956e-23 + 1.6328215629292836e-23im  -6.191443199920026e-27 - 2.0902604465278558e-26im  -1.4373250808563107e-33 - 3.527518378428433e-33im   1.9001938206010298e-29 - 1.276883724800853e-29im\n",
      "                0.0 + 0.0im   -2.903050437497058e-43 + 3.910359714475272e-43im    9.541814167954545e-38 + 3.375777515572271e-37im     5.795152237476647e-34 - 9.958407194626593e-34im    2.9664150907689952e-30 - 6.1951172508868725e-30im  -6.807480885964248e-27 - 6.298783578226066e-27im   -1.2427323934216615e-40 - 8.03705653701135e-41im     3.511185636297859e-36 - 5.312889285692588e-36im\n",
      "Tempo exp avanti: 0.002569333\n",
      "phi0 = ITensor ord=2\n",
      "Dim 1: (dim=8|id=566|\"Link,u\")\n",
      "Dim 2: (dim=8|id=203|\"Link,l=4\")\n",
      "NDTensors.Dense{ComplexF64, Vector{ComplexF64}}\n",
      " 8×8\n",
      "     -0.9999999999999997 + 0.0im  -1.8544153652930565e-14 + 5.899798755598913e-14im    -8.482052848013568e-15 + 3.6288769650409266e-15im   1.7144922520636098e-20 - 5.54187284649976e-20im     -3.484305074194955e-23 + 4.13167968746153e-23im     5.035890377839957e-28 - 2.5930836450694476e-28im   -6.057050378749629e-12 - 1.9040101231899355e-12im    6.077616269568042e-17 + 1.4221521946134052e-16im\n",
      " -2.7127336391499483e-23 + 0.0im    1.998451277333574e-10 - 6.695344789870946e-11im    -4.457461845266109e-15 + 2.2154597578067564e-15im  -1.6309395067004662e-20 + 1.0368819677983623e-20im   -2.103605722413057e-23 + 8.432913639401712e-24im   2.2109892573014796e-28 - 1.6089642709195644e-29im   3.4237947010112814e-12 - 6.653284896337699e-13im     3.752202916633242e-17 + 7.460321146316175e-17im\n",
      "  -4.957182614542668e-23 + 0.0im  -1.2726931839341683e-13 - 2.2290567133133787e-14im   -4.475619057391706e-15 - 3.5648519007581056e-15im   5.0183749575665796e-20 - 1.9761642020131128e-20im  -3.9473712372915386e-23 + 1.2445283662720644e-23im   4.082154916747489e-28 + 2.5944769172221588e-28im    7.447957473788985e-12 + 2.342551906471947e-12im    -6.010492327046334e-17 + 7.418174035854482e-17im\n",
      "   2.250888520827311e-29 + 0.0im   -2.458277994580739e-20 - 1.5322351996297468e-20im   -1.849410955260321e-15 + 1.1168747451247475e-16im    2.879767476475582e-20 - 1.1775203821877637e-21im  -1.0672435378677514e-23 + 8.181377344093762e-24im   1.5328973090301253e-28 + 2.4277420773082532e-29im  -1.2359232321396494e-18 + 5.6365260814963895e-19im   1.6090662899564686e-18 + 3.0130127610593545e-17im\n",
      "   6.881273441930097e-36 + 0.0im  -1.1565566847489853e-26 - 8.680793102320546e-27im    2.0554353988889246e-20 - 5.790744408111439e-21im   -2.3180456816429642e-20 - 7.49634750264433e-22im     -1.437380359507358e-25 + 2.7340741508360973e-24im  1.2090971637128392e-29 - 4.860552830672164e-30im    -2.954106020181969e-25 + 2.485867738076095e-25im    3.4678230607732964e-19 + 1.2646103591895836e-18im\n",
      "   5.769253656402085e-40 + 0.0im  -2.4724625552474497e-31 - 2.0078595369250226e-30im  -1.8341386572189316e-24 - 1.6021180300299508e-24im   -4.273728559902856e-21 - 6.81001897034286e-21im    -4.0261545348943256e-25 + 9.030514940957779e-25im   -7.903053550882136e-31 - 6.343742924687716e-30im   -4.0829143831086854e-29 + 1.3110502272931162e-29im    9.270666636598088e-23 - 1.077743972335261e-22im\n",
      "  -2.872505677435593e-47 + 0.0im    2.014424228610999e-37 + 1.0749098176751344e-37im   2.5473694355603404e-33 + 2.2368935141263992e-32im    9.596768420649474e-29 + 1.254113733231478e-28im   -4.1228061166944795e-25 + 1.2162184140152393e-24im  1.0242743916955967e-29 + 7.7701362914786635e-31im   -4.035151809907737e-37 - 2.4369335958639693e-36im  -1.5992882324273492e-30 - 4.042527499503131e-31im\n",
      "  -6.148722310484271e-58 + 0.0im    7.646872981025423e-50 - 1.642213917138318e-48im    -3.148877329233548e-43 - 1.3996018293595742e-42im   1.0950578650363136e-40 - 7.198415755725693e-39im     4.021956863945684e-35 - 6.067156303173387e-37im   1.3228780089708787e-30 + 4.851584520797317e-30im   -3.3910620659654444e-48 - 6.562936099047384e-48im     9.227346662804042e-41 - 1.568217067964943e-41im\n",
      "Tempo exp avanti: 0.0035945\n",
      "phi0 = ITensor ord=2\n",
      "Dim 1: (dim=8|id=333|\"Link,u\")\n",
      "Dim 2: (dim=8|id=492|\"Link,l=5\")\n",
      "NDTensors.Dense{ComplexF64, Vector{ComplexF64}}\n",
      " 8×8\n",
      "     0.9999999999999997 + 0.0im   5.916202691304032e-12 + 1.891676246162596e-12im    -3.671297882410402e-15 + 2.016355843525127e-15im     2.962705310013431e-22 - 8.21695692362843e-21im    -1.0539616800686614e-24 - 5.563726581858426e-24im   -1.838185140206222e-29 - 3.685132213593601e-29im    1.2753275071213517e-12 - 1.4347853975080723e-11im   3.4132184002857284e-17 + 6.25588840946156e-17im\n",
      " 1.5695690537526267e-22 + 0.0im  4.6735058290052654e-12 - 4.907605614725498e-12im    1.7737709980081422e-15 - 1.9443275689342898e-15im   -3.212722485841029e-21 + 4.534848607303224e-21im     1.919417381103191e-24 + 3.154545265178151e-24im   2.0440365225858329e-29 + 1.830284793180358e-29im     1.541458610702458e-12 + 1.2356451815822944e-11im  -3.1917305298006136e-17 - 3.069427204292312e-17im\n",
      " -6.723514391635712e-23 + 0.0im    5.20811987788775e-12 - 1.0566987795781127e-12im   1.6336006363582424e-15 - 3.614051929585036e-16im   -6.3540817182095615e-22 + 2.9312167179241323e-21im   -5.755450018068822e-25 + 2.4800613925214694e-24im   4.116017495279434e-31 + 1.7651071061893195e-29im    1.349741062003089e-12 - 2.557903638190835e-12im    -6.490127558690587e-18 - 2.774167294058818e-17im\n",
      " 4.4358762839425886e-30 + 0.0im  -2.664867702385547e-19 + 5.339260661274435e-20im     8.001948635846839e-16 - 1.7586264789954679e-16im  -3.2300802310714015e-21 + 1.8738563077256966e-22im  -3.3543593357196336e-25 + 1.1725629984113738e-24im  3.1277388433357977e-31 + 8.317309196386873e-30im     1.229260341287459e-20 - 2.211656924013819e-20im    -2.325848860769801e-18 - 1.3678172630870187e-17im\n",
      "  5.053340740973403e-36 + 0.0im  -2.388538161814338e-25 + 4.614326651437737e-26im    2.7744449989033936e-21 + 1.443554780426157e-20im    3.2168672995547847e-21 + 3.9181962169456513e-22im   1.3386730257086916e-25 - 8.405367740255711e-27im    5.287278634577869e-31 + 2.448697168274565e-31im   -1.1819349164095144e-26 + 6.886520771047823e-26im    -8.592890311738413e-19 + 1.228226301404818e-19im\n",
      "  6.541694889326125e-42 + 0.0im  -2.898996854030171e-31 + 1.0058050628013783e-31im    6.099034547340007e-26 - 2.4357924562752673e-26im   1.3690045140588112e-22 + 1.0380093533455068e-21im  -1.9127114931769565e-27 + 4.080347960918057e-26im   -1.655236518823269e-31 + 1.221070637512226e-31im    1.1853066535329562e-31 + 4.1445661246885644e-32im   1.5012901924465943e-24 + 3.607817086563509e-24im\n",
      " -7.997464297137526e-51 + 0.0im  -5.663926483391222e-41 - 1.7054963392916932e-41im  -1.7400638921429076e-36 + 4.095963385391459e-35im    -6.370831576000726e-31 - 7.091891429845382e-31im    1.2853461421485754e-26 + 2.0781169742075827e-26im    8.91565459262374e-32 + 1.56700668346326e-31im     1.2399888737561363e-39 + 1.5691574061425484e-40im   -7.504481248905424e-34 + 1.1061729682042252e-33im\n",
      " -5.933441647337198e-63 + 0.0im  1.5255139473866672e-52 - 2.6153870012145146e-52im  -1.0216528104100922e-47 - 7.246840406477301e-47im     9.878614310176438e-43 + 3.524270354603357e-42im    -9.329364809938208e-38 - 8.262233981228491e-38im   1.2225658888757524e-32 + 1.1653668610757543e-32im  -2.2150548615330273e-52 - 3.2325046582915414e-52im   2.7436338165588726e-45 + 2.2534220470279482e-45im\n",
      "Tempo exp avanti: 0.002908709\n",
      "phi0 = ITensor ord=2\n",
      "Dim 1: (dim=8|id=123|\"Link,u\")\n",
      "Dim 2: (dim=8|id=571|\"Link,l=6\")\n",
      "NDTensors.Dense{ComplexF64, Vector{ComplexF64}}\n",
      " 8×8\n",
      "     -0.9999999999999997 + 0.0im  -1.3905328171362659e-12 + 1.4139493228883926e-11im   2.8716844169148906e-17 - 1.3200271940000438e-16im   -4.686728678762719e-22 - 9.406900794854248e-23im     2.679681381119423e-27 + 1.029964244082323e-27im     3.716025027676434e-33 + 1.7336151234063768e-33im    2.072579451124773e-11 - 1.1409863872546694e-11im   -2.383325376645979e-18 - 6.714785452443503e-19im\n",
      "  -5.781040354751269e-22 + 0.0im   1.8805490956278504e-12 - 7.464765608667134e-12im   -2.7764779891732485e-17 + 8.423452136829461e-17im    3.6495074811093576e-22 + 8.39427252157164e-23im    -2.3195784048038803e-27 - 9.333338660900386e-28im   -2.7063701281515757e-33 - 1.582572719333512e-33im   -1.7070224326221825e-11 + 1.0179534752016772e-11im    1.426943921781118e-18 + 6.538696518112467e-19im\n",
      "  -5.527526067023846e-23 + 0.0im   -2.138574775339144e-12 - 9.896813458008087e-12im    4.4705361934381357e-17 + 5.937687520697779e-17im    -2.319344181804886e-23 - 8.247830672099314e-23im     3.510159911970829e-28 + 1.215723036632072e-28im    -8.199214731753611e-34 + 4.786927384347035e-34im     2.127741685118353e-12 - 3.294322464091997e-12im     9.699982862834733e-19 - 6.853071499125237e-19im\n",
      "  -3.632946568251578e-34 + 0.0im  -1.6373510663931827e-22 - 9.961073506342364e-23im    -2.424225405138677e-17 - 5.11930788635688e-18im      3.984940088978648e-24 + 4.086167591692968e-23im     9.518412091343491e-30 - 3.898957800496667e-30im     6.147410744653394e-35 - 2.148637492024937e-34im     4.926929255079762e-23 + 1.603233725041856e-23im    2.2780997589489488e-20 + 4.379373197635807e-19im\n",
      "  -7.732006713982878e-39 + 0.0im    1.920845258456329e-27 - 1.3654416219168698e-27im    -4.87792053709262e-22 - 8.49000373692774e-22im     1.0042318118973184e-23 + 3.9067113635595195e-24im    1.363836524897876e-29 + 1.5538705579873437e-29im   1.0261396002878074e-35 + 2.578293302827908e-35im    -7.133466071919976e-28 + 1.412394781934834e-28im    3.9267649874492406e-20 - 3.8969114677468456e-20im\n",
      " -3.4049901511875467e-47 + 0.0im   1.1455054073963753e-35 + 4.3008619347480125e-37im     -5.3535348756383e-30 - 5.025579358684429e-30im    -1.908042281256765e-24 - 1.2302894347328325e-24im    9.332679709044063e-30 - 2.8762842801437973e-30im   1.5854056763032376e-36 + 6.185852274572305e-36im   -3.4808944593874245e-35 + 9.074504792848292e-36im    3.6984984894104367e-28 - 2.4218001515101983e-28im\n",
      " -2.8321564092412925e-58 + 0.0im    9.551752903226281e-48 - 3.2760309563451375e-47im  -4.3032517719093873e-41 + 4.993888109192708e-41im   -1.0529057332235732e-35 + 1.0211269083922502e-35im    2.416982732343048e-31 + 3.4011806545251214e-30im   -2.764308205154103e-36 + 2.0936574819595272e-36im  -3.3054109714126178e-46 + 2.589923737380055e-47im   -2.2467661743478775e-39 - 2.5133747144336112e-39im\n",
      " -4.3457007236150605e-70 + 0.0im   3.5497378575583115e-59 - 1.252074145854039e-58im   -1.4653127017265673e-53 + 2.4757490017936996e-53im   -7.446065036372766e-48 - 7.412718683662347e-48im    -2.921847848765016e-42 + 2.7483374900629886e-42im   3.8324470053277865e-36 + 9.326635335310699e-37im   -4.4218826212217516e-58 - 1.783076543986744e-58im    1.1401646614656178e-51 + 1.8595513845241368e-52im\n",
      "Tempo exp avanti: 0.002852541\n",
      "phi0 = ITensor ord=2\n",
      "Dim 1: (dim=8|id=865|\"Link,u\")\n",
      "Dim 2: (dim=8|id=681|\"Link,l=7\")\n",
      "NDTensors.Dense{ComplexF64, Vector{ComplexF64}}\n",
      " 8×8\n",
      "      0.9999999999999997 + 0.0im  -2.0759100665846855e-11 + 1.1363269543133196e-11im   4.692838298058122e-17 + 1.050541020491541e-17im     1.486241867532962e-24 + 5.06685969714203e-24im     -2.654405655953809e-29 + 4.0758019994355537e-29im   2.725537013638114e-36 + 2.9881523397252057e-36im    4.790404252062171e-12 - 3.2905468804156494e-12im    1.888224393334442e-19 - 7.960920813470264e-19im\n",
      " -5.0583127404461415e-22 + 0.0im  -1.7658861302444634e-11 + 9.911328343489052e-12im   3.6717324942508356e-17 + 1.4523039641693215e-17im   -8.596108485851982e-26 + 4.518931998682214e-24im   -2.6876128094050935e-29 + 3.179830824385196e-29im   1.9611286982963393e-36 + 3.2454823889997855e-36im    4.271774297235719e-12 - 1.872203493844187e-12im     2.544637092089677e-19 - 6.174609758911889e-19im\n",
      "  -2.166890436597818e-24 + 0.0im  -1.2142688078393223e-13 - 4.0613453165106117e-13im   2.008709504359163e-18 - 1.1579374627336844e-17im   2.4995462536701497e-24 + 3.176594589983109e-24im    6.0623606034573294e-30 + 2.569467049581432e-30im    3.739539012174677e-37 - 1.3971706711818444e-36im  -3.5143748021593803e-13 - 1.8066058817634822e-12im   -1.892235951298047e-19 - 2.96198414104908e-20im\n",
      "  -4.055451207016027e-36 + 0.0im   1.1183679001240788e-25 - 1.2012757744265945e-24im  1.4472142729745755e-18 + 2.830504823249134e-19im   -2.6811537412529974e-25 - 8.555504743508834e-25im    1.5889722873009605e-31 + 9.782073791513793e-31im    7.405897662520803e-38 + 7.211581221128846e-38im    -9.334922142097605e-24 + 1.8738694490039066e-24im  -3.8371392885463916e-22 - 2.850696932398012e-20im\n",
      "   4.707773874210685e-41 + 0.0im    1.160779719081226e-29 + 1.7565989529669038e-29im  6.5970136079030295e-24 + 1.3716055201677467e-22im  -1.3555672344102377e-24 - 1.7616553357104798e-26im   -4.349770423554696e-31 - 1.1591796008344972e-30im  -7.511474407770663e-38 + 5.103045381495748e-38im     6.525742222544546e-29 - 1.9860603688176602e-28im   -6.873646555183015e-21 + 1.789322687365527e-21im\n",
      " -1.6332140473154813e-49 + 0.0im   3.4386933557135375e-39 - 6.033997659361389e-38im    2.913695028002269e-31 - 4.966263687160109e-31im    -1.389260889345869e-25 - 1.1529050153923098e-25im   1.1345270210698373e-31 - 9.875244373898251e-32im   -5.010820777032633e-39 - 6.144325592011757e-40im    -4.897679318225906e-37 - 2.990533189415718e-37im     3.138162098221079e-29 + 1.420520238284704e-29im\n",
      " -1.4590185190835164e-62 + 0.0im   4.9837593807221215e-51 + 1.5319750180077214e-50im   7.876993932956674e-44 - 1.6970811972746303e-44im    2.585427279152511e-38 - 5.090356138425168e-39im   -1.0286372596787501e-33 - 3.1611014154445425e-32im  1.9230385559480335e-39 - 2.618492019600856e-39im    -6.228959703146097e-50 + 3.5536045234628583e-50im     9.96248416985813e-43 + 2.6361505343909047e-42im\n",
      " -1.3794347324307205e-77 + 0.0im   1.0489450908462289e-65 + 9.002602534802817e-65im   2.2709744759418876e-58 + 2.4583321711752482e-58im    6.805762767544472e-54 + 1.082205959889431e-52im     9.765316929319637e-47 + 1.3880569094098576e-47im  -6.640455000850427e-40 - 6.936105353474318e-40im   -1.2832387643879344e-64 + 1.0969121917739804e-64im   -5.904677498995712e-57 + 8.278349174800093e-57im\n",
      "Tempo exp avanti: 0.0033155\n",
      "phi0 = ITensor ord=2\n",
      "Dim 1: (dim=8|id=704|\"Link,u\")\n",
      "Dim 2: (dim=8|id=362|\"Link,l=8\")\n",
      "NDTensors.Dense{ComplexF64, Vector{ComplexF64}}\n",
      " 8×8\n",
      "     -0.9999999999999997 + 0.0im   -4.907906574387969e-12 + 3.4424614928487703e-12im     9.30327530538046e-18 - 2.2025732779435753e-17im    5.888800836115335e-24 - 1.2542532556245568e-24im  -2.4161870617512576e-30 + 1.9823845452038745e-30im   1.1662093692105909e-37 - 2.1754059298873286e-38im  -1.5392314267946605e-11 - 1.19061049452745e-11im     -4.190543346165119e-19 - 1.8227510073078236e-19im\n",
      " -3.9203733546854497e-22 + 0.0im   4.0747245096971575e-12 - 3.155210505498179e-12im   -5.9972092926445206e-18 + 1.830774046430918e-17im    -5.703804535115869e-24 + 4.0192572947509605e-25im   2.0065506076955634e-30 - 1.5676939134521583e-30im   -9.788887694397033e-38 + 1.7431610629628136e-38im   1.4635073832490446e-11 + 1.141512043204032e-11im     3.356320839968892e-19 + 1.2517479246987987e-19im\n",
      "   4.042493447304698e-25 + 0.0im   -6.030794159912284e-13 + 1.0884681699448022e-13im   -6.837992554934471e-20 - 3.587296600414006e-18im   -4.5066325107706875e-25 - 1.0311560785640319e-24im   3.2170866093005195e-32 + 4.488313413976504e-31im     5.847646307421842e-39 - 1.0842230500127739e-38im     7.06313867440012e-14 + 1.5480533462616496e-13im   -8.307906388743998e-20 + 1.5247830526152525e-21im\n",
      " -1.3853230885880431e-35 + 0.0im   2.3310410597911203e-24 - 2.448934922267541e-23im    -4.192035197644905e-18 - 1.2466754470132907e-18im   -6.690451689207348e-25 - 2.754294011952038e-25im     4.704852288218286e-31 + 1.7098710070927844e-31im   -9.759271737293968e-39 - 1.0417901857776589e-38im   -4.055699094751738e-24 - 2.6044345331260754e-24im  -2.4886551842242482e-20 + 7.699855298237484e-20im\n",
      "  2.8244624226434406e-41 + 0.0im  -3.4799354981575223e-29 - 1.6532283885588947e-28im   1.2158182220635407e-22 - 1.9431405493319393e-23im  -1.5007402452768693e-25 + 5.88380384362257e-26im     1.4976330964702705e-32 - 1.5308708322145235e-33im   -7.132621263392622e-41 - 2.172996906183341e-40im    -4.411034429817052e-29 + 1.9690323590206968e-29im      8.9518806836853e-22 + 6.59400399710493e-21im\n",
      "  -1.749315933014745e-51 + 0.0im  -1.0411576103663538e-38 - 2.2113887298537734e-39im    4.133842434080823e-33 + 4.548578046380035e-33im    1.8799935378246215e-26 + 8.914196375430287e-27im   -3.4162098283941164e-33 - 1.8528865334603077e-33im   1.1549817120215073e-41 + 8.008578322468179e-41im     4.804324500612787e-39 + 5.943354645814707e-39im    -3.174048720173625e-31 + 3.9135720492156313e-31im\n",
      " -1.1250235512319996e-65 + 0.0im   -3.846130472085084e-53 + 1.1557202791632022e-53im     9.82797731361144e-47 + 6.092985008089773e-47im    1.5940240309814424e-40 + 6.56532052114806e-41im      8.330911338684468e-34 + 3.972106816630496e-34im   -1.8840150804048557e-41 - 2.7688107488662814e-41im   -1.916852747942382e-54 - 9.60637048923705e-54im    -1.6212236199614373e-45 + 1.4605546060306872e-45im\n",
      "  -9.503240384384707e-82 + 0.0im  -2.9904913219375345e-70 + 2.4123528479868425e-69im   -4.331415706069403e-63 - 4.455685150891246e-64im    -2.522080326606295e-56 - 7.179173313739736e-57im   -2.5189995642207242e-49 + 3.287534310419002e-50im    -6.451966751521785e-42 - 2.7174539017196e-42im      -5.751091743408302e-69 - 1.258760827714644e-68im    2.0368881133306254e-61 - 1.4127082458233517e-61im\n",
      "Tempo exp avanti: 0.002748209\n",
      "phi0 = ITensor ord=2\n",
      "Dim 1: (dim=8|id=509|\"Link,u\")\n",
      "Dim 2: (dim=8|id=568|\"Link,l=9\")\n",
      "NDTensors.Dense{ComplexF64, Vector{ComplexF64}}\n",
      " 8×8\n",
      "      0.9999999999999997 + 0.0im   1.5411460612601523e-11 + 1.1923658824722517e-11im   7.707070462680083e-19 - 5.820408599514218e-19im    3.0691457396631636e-26 + 4.73827078701622e-26im     1.8759354681782912e-33 - 1.277253442755347e-33im     5.37582522110089e-43 - 2.5365603941443936e-42im  -1.6952520235045982e-12 + 1.8368425612371367e-12im  -9.186604658559234e-21 - 1.5191703817473247e-20im\n",
      "  -3.681201422551703e-22 + 0.0im   1.4742168085856184e-11 + 1.1317260986622995e-11im   6.655140454812708e-19 - 4.610652042740446e-19im      1.76598850558955e-26 + 4.633261818224503e-26im      1.58885278959475e-33 - 9.653952739244668e-34im    3.936533671984779e-43 - 2.080631449031194e-42im   -2.0235222696528957e-12 + 1.3873047436675946e-12im  -5.248633964794306e-21 - 1.3352189779261479e-20im\n",
      " -3.8710426613697094e-25 + 0.0im   -3.579720706416715e-14 + 8.016555146328386e-14im   2.9673768423898075e-20 - 1.830105685989919e-19im    1.7612529911219365e-26 - 2.0095635760357252e-27im   1.3334040027476894e-34 - 4.536789172732068e-34im   -6.841170187267863e-44 - 4.299802679523305e-43im     4.933415120516044e-13 + 4.4601700852139403e-13im  -5.151328417093964e-21 - 1.0356268973923512e-21im\n",
      "  -4.857713138828832e-39 + 0.0im   2.4571191157407993e-27 - 2.0117716466794987e-28im   4.085703628537009e-20 + 4.9595919475782843e-20im  -2.3968934735809723e-27 + 5.507135603767235e-28im     8.014064686913598e-35 + 1.0522892906357852e-34im   1.497316681308077e-43 + 1.339701428521727e-44im    1.7724139017797083e-26 - 1.7347969365170562e-27im   4.497374747239587e-22 - 2.8274321802708246e-22im\n",
      " -4.3449245668551027e-44 + 0.0im   2.1123022610990714e-32 + 9.601308009959085e-32im   -7.315265842781255e-26 - 1.6763334407084554e-24im  -1.9868863037398847e-28 - 2.377614718855752e-28im   -1.8245223057658923e-36 + 9.007292588212521e-37im    7.527110610229652e-45 + 1.0961123275836298e-45im    8.878963899033084e-31 + 6.948324926652241e-31im   2.0224233414865618e-22 + 1.7075060249537507e-23im\n",
      "  1.2192393370658213e-56 + 0.0im   -9.875769472009106e-44 - 7.06530867672135e-44im    1.3792419218071825e-36 - 1.0244694283389956e-36im  -2.3099210109250887e-29 - 5.80496422739178e-29im     -1.030524613680834e-36 - 1.8733862584746293e-37im   4.646411739665326e-53 - 1.8746001330434683e-45im  -1.2175609285465477e-42 + 3.893778146362792e-43im   -8.779700014716698e-35 - 3.729796648726179e-35im\n",
      "  4.8187089538542166e-73 + 0.0im     7.50866542603488e-60 + 1.762666980060789e-60im    4.250047715225122e-52 - 2.212987658227625e-52im     4.352611624203659e-45 + 1.5356277872994516e-45im  -2.1526637804277524e-37 + 1.7162913823704076e-37im  -2.250329274291854e-46 + 7.216815219403471e-46im     4.497260110921427e-59 - 5.931415144574582e-59im     3.59951322413747e-51 - 2.723169995204683e-51im\n",
      "   -2.12589889061534e-89 + 0.0im  -1.4633640403736432e-76 + 1.162117089763235e-76im    4.574440453677379e-69 - 3.7191441628033214e-69im   -9.040481052788534e-62 + 3.9035835833805097e-63im  -4.7553513331299735e-54 - 6.295329910212231e-55im    1.562391464829147e-45 - 7.815518313731985e-46im    1.3717702537873589e-76 + 2.285138545032234e-75im     3.05857081637457e-68 + 3.945090048457782e-68im\n",
      "Tempo exp avanti: 0.003288\n",
      "phi0 = ITensor ord=2\n",
      "Dim 1: (dim=8|id=142|\"Link,u\")\n",
      "Dim 2: (dim=8|id=258|\"Link,l=10\")\n",
      "NDTensors.Dense{ComplexF64, Vector{ComplexF64}}\n",
      " 8×8\n",
      "     -0.9999999999999997 + 0.0im    1.702154734463095e-12 - 1.8355073114252038e-12im    7.630835666714572e-20 - 5.145194501790986e-20im    -6.846273353032308e-28 + 4.362202005979153e-28im   -9.130478918337623e-37 - 3.485601075477705e-37im     7.899618667131769e-47 + 4.466063283478232e-46im   -1.437944538060294e-13 + 6.901881937223972e-13im     -7.34192170522565e-22 - 1.5193933613699078e-21im\n",
      "  -7.049054256923517e-24 + 0.0im  -1.7478982418730174e-12 + 1.8525012076745207e-12im   -6.170937322387914e-20 + 4.5533042234651545e-20im    6.412488335897238e-28 - 3.2925959436224196e-28im  7.3750906974601935e-37 + 8.431045288744735e-38im    -9.218428738204816e-47 - 2.649150642041325e-46im   1.1844575786479384e-13 - 9.512617586954728e-13im     4.587999444024815e-22 + 1.2681920190669222e-21im\n",
      "  -3.969510044485538e-26 + 0.0im  -2.8276703076006834e-14 + 5.311713703213183e-14im   -1.6200162925856652e-20 + 7.970694816869286e-21im     8.922201553567218e-29 - 1.2326778560682947e-28im  1.7558589288752813e-37 + 2.4217856337832247e-37im   1.7155366440374964e-47 - 1.712865056560624e-46im   2.2830475718787475e-14 + 1.582409170932209e-13im     2.608097159820342e-22 + 3.2423973740246553e-22im\n",
      " -4.1054534536014727e-41 + 0.0im   -2.676388350268857e-28 + 4.068434282469483e-28im     6.688881948555562e-21 - 4.0903988882059936e-21im   -6.568706486133273e-29 + 6.832987406779499e-29im   -5.181370640576271e-38 - 1.0386376846163582e-37im  -2.1213596038375435e-47 + 6.416530959843956e-47im   1.9668912202649643e-28 + 6.785595087250302e-28im    -6.550991934905308e-23 - 1.9523646780094683e-22im\n",
      "  -2.042726059780962e-46 + 0.0im   -6.979274225614829e-33 - 4.0208151525527075e-34im   1.3084037730259937e-25 + 3.7077638153116662e-25im   -4.393315277982738e-30 - 1.9015636523974147e-30im  3.3248498527802205e-39 + 9.702894284034186e-39im    -4.727020858064307e-49 - 4.5033333127591266e-48im  -6.603937118337535e-33 + 1.557834146754173e-32im    -1.487217706077161e-23 + 1.704741243469539e-24im\n",
      "  -7.066777604112201e-61 + 0.0im  -1.4451548860737805e-46 - 1.2988439184952457e-46im   1.8539562448369716e-39 + 1.1122983782718567e-38im    3.477910222028264e-31 + 4.551933269758397e-31im   -3.884863145456477e-41 - 1.3039033525849557e-39im    6.359936217641142e-47 - 6.519114410589733e-48im   -3.629016050538537e-46 + 2.8093903704713667e-46im   -1.687398914006825e-37 - 7.060400387989373e-38im\n",
      " -2.6342633524045753e-78 + 0.0im  -1.5603348526754334e-64 + 1.1373292559502336e-64im   2.0715383852153794e-56 - 5.6664287779173034e-58im   1.5240219280044057e-48 - 5.498652865701289e-50im    5.577478060833754e-40 + 3.706899779302853e-40im     -8.93770992017972e-49 - 3.7849488945140834e-48im  -5.910827711543807e-65 + 4.395613341068143e-64im   -1.3859998839724863e-55 - 1.0135472897070948e-55im\n",
      "  3.5759620640688906e-94 + 0.0im   5.2048522271139245e-80 + 4.744532814933375e-80im    -5.602887864120795e-73 - 4.2437507392772387e-72im  -1.1050216537726175e-64 - 1.784037020017609e-64im    5.651256954269412e-57 - 7.327195140514102e-57im    1.5727003930415406e-48 - 2.5621895584958895e-49im  1.3428174706752766e-79 - 9.790172524112324e-80im      6.28596172344088e-71 + 2.5633978662138425e-71im\n",
      "Tempo exp avanti: 0.003335958\n",
      "phi0 = ITensor ord=2\n",
      "Dim 1: (dim=8|id=809|\"Link,u\")\n",
      "Dim 2: (dim=8|id=956|\"Link,l=11\")\n",
      "NDTensors.Dense{ComplexF64, Vector{ComplexF64}}\n",
      " 8×8\n",
      "      0.9999999999999997 + 0.0im   1.3365506932934206e-13 - 6.98060885814586e-13im     1.4680011045880759e-21 - 1.6801028798357123e-21im  -3.5854461955168016e-30 - 2.7252859640993208e-30im    4.334926135910456e-40 + 1.7138954874390672e-39im   1.4763024621469198e-49 - 2.6964317670342555e-49im    7.923046852204815e-13 - 1.0245255937111849e-12im   -5.688654943013437e-23 - 4.8245290489168946e-23im\n",
      " -2.2116944174847453e-24 + 0.0im   1.6093307716468406e-13 - 9.449459122563402e-13im    1.4371667010800328e-21 - 1.2417981814752259e-21im  -2.6828848506507393e-30 - 2.8700153720733344e-30im    8.342212362548987e-43 + 1.2767044854238379e-39im    1.329889627061503e-49 - 1.8989680797933924e-49im    7.314679984104947e-13 - 9.282438613056171e-13im    -3.484936979600273e-23 - 5.2668536938032206e-23im\n",
      "  -6.468987665960782e-26 + 0.0im  -1.8537435815365013e-14 + 1.889694978779926e-13im    1.0517280224083527e-22 - 4.761078875711433e-22im   -1.0162387554944774e-30 - 9.708896856402176e-32im    3.5843978150028498e-40 + 5.255784827964379e-40im    2.7746635591983754e-50 - 8.255106693396066e-50im     8.651085025734281e-14 - 1.2741190930643153e-13im  -2.3348314000854098e-23 - 1.7486273555883673e-24im\n",
      "  1.5080465341853616e-45 + 0.0im    4.510575635241687e-32 - 2.647525305760237e-32im     3.471118886027071e-23 - 4.03101481208625e-23im      -3.24477332089105e-32 - 7.147306515850619e-32im    -8.260162115152045e-41 + 4.219654286147878e-41im     6.419056978932758e-51 - 3.929075929800472e-52im     -8.49997317562389e-32 + 7.550778128117953e-32im    1.3962868076718067e-24 - 1.772451495681192e-24im\n",
      " -1.1937455815863728e-47 + 0.0im  -2.1492785641561365e-34 - 6.385603876921463e-35im    -7.735459608609123e-26 - 1.0568984633190355e-25im    5.009092314282374e-32 + 6.69066292738286e-32im    -3.4246930345392985e-40 - 8.87671735334561e-41im    -4.8103169765176544e-51 + 9.499641202417232e-52im    3.7253612894604832e-34 + 1.337169747749361e-34im    1.9307212831524155e-24 + 2.409738169941495e-24im\n",
      "   6.352269116537173e-66 + 0.0im   1.1888953799609892e-51 - 1.273482036140072e-51im    1.6533231851650876e-42 - 2.674308055663578e-42im    2.1725113362287053e-33 + 3.8398440076950565e-34im    3.089083708699336e-42 + 6.877741888463196e-42im    -4.898713394280652e-49 - 7.291505717147559e-50im   -2.4100501836126576e-51 + 9.77819982518584e-52im     -5.904940522370489e-41 - 8.573965464448785e-42im\n",
